patient_047_node_1.jpg negative 4 [12, 5, 8, 5]
patient_080_node_4.jpg micro    0 []
patient_055_node_3.jpg negative 14 [5, 7, 5, 5, 9, 6, 5, 5, 5, 5, 5, 7, 7, 5]
patient_016_node_2.jpg negative 0 []
patient_053_node_4.jpg negative 3 [9, 10, 7]
patient_070_node_2.jpg negative 1 [19]
patient_086_node_1.jpg itc      4 [8, 27, 7, 31]
patient_035_node_4.jpg negative 0 []
patient_094_node_3.jpg negative 2 [20, 12]
patient_020_node_2.jpg micro    5 [6, 52, 7, 46, 5]
patient_015_node_1.jpg macro    1 [396]
patient_098_node_0.jpg negative 0 []
patient_031_node_3.jpg negative 4 [5, 12, 6, 9]
patient_035_node_2.jpg negative 2 [5, 6]
patient_069_node_0.jpg macro    58 [12, 9, 6, 5, 6, 11, 44, 12, 29, 31, 16, 64, 11, 9, 11, 13, 7, 17, 11, 9, 7, 5, 16, 10, 6, 19, 11, 6, 8, 23, 11, 9, 25, 8, 9, 14, 18, 10, 13, 51, 11, 6, 7, 13, 5, 8, 8, 8, 7, 7, 6, 5, 19, 5, 16, 5, 6, 12]
patient_042_node_3.jpg macro    17 [6, 13, 7, 6, 6, 6, 18, 11, 18, 21, 204, 154, 8, 344, 17, 24, 5]
patient_024_node_4.jpg itc      0 []
patient_039_node_2.jpg negative 0 []
patient_049_node_2.jpg micro    1 [8]
patient_022_node_4.jpg macro    9 [521, 32, 280, 5, 99, 505, 31, 288, 96]
patient_010_node_4.jpg micro    16 [7, 5, 5, 9, 5, 152, 7, 5, 11, 5, 6, 5, 5, 6, 28, 9]
patient_028_node_1.jpg micro    11 [25, 19, 5, 7, 6, 7, 5, 7, 8, 111, 19]
patient_010_node_0.jpg micro    6 [14, 6, 14, 20, 6, 16]
patient_007_node_0.jpg negative 4 [6, 10, 5, 7]
patient_060_node_3.jpg micro    1 [9]
patient_057_node_1.jpg negative 6 [7, 9, 13, 6, 8, 20]
patient_004_node_3.jpg negative 0 []
patient_036_node_4.jpg negative 1 [5]
patient_094_node_2.jpg macro    115 [1457, 12, 21, 8, 18, 21, 11, 20, 10, 43, 5, 8, 5, 6, 12, 15, 7, 9, 12, 5, 10, 6, 7, 6, 10, 5, 11, 6, 6, 24, 5, 5, 7, 7, 6, 7, 7, 18, 10, 13, 6, 13, 7, 305, 9, 12, 11, 5, 5, 6, 6, 6, 7, 9, 8, 13, 15, 39, 5, 6, 9, 9, 5, 5, 5, 7, 6, 13, 18, 16, 11, 26, 5, 9, 10, 162, 15, 18, 23, 16, 18, 5, 5, 10, 5, 15, 5, 7, 5, 21, 6, 5, 7, 9, 8, 10, 10, 22, 7, 11, 10, 9, 5, 31, 6, 8, 10, 5, 8, 7, 29, 6, 32, 5, 10]
patient_051_node_4.jpg macro    48 [6, 5, 8, 8, 7, 5, 8, 6, 16, 20, 8, 16, 6, 6, 8, 6, 10, 6, 51, 11, 5, 7, 5, 8, 19, 6, 29, 6, 6, 10, 12, 244, 6, 5, 13, 28, 22, 8, 6, 5, 5, 14, 6, 7, 10, 6, 7, 5]
patient_008_node_4.jpg itc      0 []
patient_031_node_4.jpg negative 0 []
patient_051_node_3.jpg negative 0 []
patient_054_node_4.jpg negative 6 [13, 7, 5, 7, 12, 7]
patient_050_node_4.jpg micro    4 [7, 7, 5, 5]
patient_079_node_4.jpg negative 0 []
patient_020_node_0.jpg negative 0 []
patient_072_node_3.jpg negative 0 []
patient_000_node_0.jpg negative 0 []
patient_052_node_4.jpg negative 111 [9, 7, 12, 7, 8, 24, 5, 7, 5, 8, 8, 11, 5, 6, 13, 20, 9, 7, 32, 5, 5, 8, 7, 5, 24, 5, 5, 6, 10, 5, 8, 17, 6, 10, 20, 7, 18, 8, 7, 5, 7, 8, 6, 6, 6, 6, 8, 9, 6, 8, 6, 5, 10, 15, 17, 6, 10, 6, 6, 11, 10, 12, 6, 7, 16, 5, 5, 10, 5, 11, 5, 9, 11, 5, 9, 5, 9, 5, 10, 5, 11, 9, 10, 5, 14, 5, 9, 9, 6, 10, 6, 10, 11, 5, 6, 5, 5, 5, 5, 11, 9, 5, 13, 10, 6, 12, 13, 12, 5, 9, 5]
patient_068_node_0.jpg negative 0 []
patient_013_node_2.jpg macro    17 [6, 5, 9, 9, 8, 6, 5, 11, 10, 12, 5, 6, 7, 5, 11, 20, 7]
patient_025_node_0.jpg negative 0 []
patient_057_node_0.jpg negative 13 [10, 12, 21, 6, 7, 9, 5, 6, 8, 11, 5, 13, 13]
patient_083_node_3.jpg negative 7 [6, 8, 9, 8, 7, 7, 5]
patient_027_node_1.jpg negative 2 [7, 6]
patient_017_node_0.jpg negative 0 []
patient_048_node_3.jpg negative 4 [5, 5, 8, 8]
patient_018_node_3.jpg macro    87 [5, 7, 5, 10, 6, 5, 6, 8, 7, 27, 5, 5, 6, 7, 14, 9, 8, 23, 14, 6, 10, 5, 5, 8, 8, 15, 15, 8, 5, 7, 11, 14, 25, 6, 25, 64, 35, 6, 11, 7, 11, 10, 8, 99, 17, 6, 13, 18, 7, 5, 17, 26, 10, 20, 7, 6, 12, 12, 5, 24, 21, 10, 6, 6, 8, 7, 8, 7, 6, 12, 5, 38, 5, 5, 11, 5, 13, 7, 9, 12, 5, 6, 9, 6, 5, 5, 9]
patient_010_node_3.jpg negative 0 []
patient_004_node_0.jpg negative 0 []
patient_043_node_0.jpg negative 32 [5, 6, 14, 5, 11, 6, 8, 22, 6, 13, 9, 9, 5, 6, 5, 5, 17, 8, 6, 5, 15, 12, 7, 7, 6, 9, 5, 5, 12, 5, 6, 6]
patient_006_node_2.jpg itc      0 []
patient_021_node_0.jpg macro    20 [6, 7, 35, 8, 6, 6, 11, 7, 40, 10, 1038, 684, 9, 733, 12, 21, 5, 8, 6, 15]
patient_088_node_3.jpg negative 0 []
patient_052_node_3.jpg macro    15 [74, 14, 431, 51, 82, 11, 14, 8, 14, 427, 68, 13, 216, 9, 7]
patient_062_node_2.jpg macro    2 [274, 7]
patient_070_node_4.jpg negative 0 []
patient_045_node_2.jpg negative 148 [16, 14, 5, 5, 7, 8, 5, 7, 6, 21, 12, 6, 5, 9, 5, 24, 7, 13, 8, 12, 6, 6, 9, 11, 6, 10, 16, 5, 21, 5, 9, 20, 10, 7, 11, 19, 18, 7, 13, 9, 5, 5, 11, 5, 25, 14, 8, 6, 5, 6, 6, 5, 6, 11, 6, 8, 6, 5, 5, 11, 5, 9, 29, 5, 6, 7, 11, 9, 9, 6, 6, 25, 11, 23, 10, 6, 9, 5, 10, 9, 9, 10, 9, 6, 5, 10, 10, 7, 5, 18, 9, 9, 7, 6, 11, 7, 5, 5, 5, 6, 5, 5, 17, 7, 7, 9, 7, 8, 10, 5, 5, 11, 19, 6, 5, 9, 5, 9, 11, 7, 5, 7, 7, 7, 6, 7, 5, 7, 10, 11, 37, 6, 15, 35, 5, 5, 13, 5, 7, 26, 8, 7, 7, 20, 6, 6, 10, 5]
patient_054_node_0.jpg negative 40 [10, 6, 12, 5, 5, 12, 6, 6, 14, 8, 5, 8, 19, 5, 10, 6, 6, 10, 7, 6, 6, 16, 14, 7, 12, 19, 6, 5, 7, 9, 6, 6, 5, 10, 7, 5, 8, 6, 7, 12]
patient_024_node_2.jpg itc      0 []
patient_040_node_3.jpg negative 36 [6, 6, 5, 5, 7, 6, 5, 5, 5, 7, 6, 5, 5, 7, 5, 12, 5, 6, 12, 10, 6, 5, 10, 5, 6, 6, 6, 6, 10, 5, 5, 24, 6, 10, 8, 5]
patient_004_node_2.jpg negative 0 []
patient_093_node_2.jpg negative 6 [5, 15, 5, 12, 11, 5]
patient_066_node_0.jpg negative 0 []
patient_071_node_0.jpg negative 0 []
patient_006_node_4.jpg itc      0 []
patient_080_node_2.jpg macro    0 []
patient_063_node_0.jpg macro    459 [18, 514, 5, 690, 20, 6, 7, 9, 15, 5, 17, 6, 5, 7, 8, 5, 163, 12, 5, 7, 5, 10, 5, 10, 5, 5, 6, 7, 5, 8, 7, 12, 11, 6, 10, 5, 9, 6, 6, 8, 16, 8, 21, 10, 9, 75, 6, 7, 18, 39, 12, 5, 6, 58, 22, 14, 8, 6, 95, 7, 16, 6, 5, 5, 15, 6, 5, 19, 20, 22, 7, 9, 7, 7, 8, 9, 5, 6, 9, 8, 6, 6, 17, 6, 23, 9, 9, 63, 20, 32, 9, 9, 8, 23, 33, 12, 8, 5, 6, 15, 8, 7, 5, 25, 9, 9, 8, 8, 5, 25, 10, 21, 5, 26, 11, 7, 6, 25, 8, 5, 9, 5, 10, 11, 11, 6, 14, 5, 9, 21, 47, 10, 7, 5, 16, 38, 19, 23, 5, 18, 6, 6, 6, 5, 9, 5, 11, 7, 5, 8, 5, 6, 9, 9, 8, 5, 14, 6, 11, 20, 5, 10, 5, 7, 19, 15, 7, 8, 5, 13, 68, 5, 10, 5, 10, 10, 5, 5, 10, 7, 7, 6, 7, 9, 6, 9, 8, 7, 6, 11, 5, 6, 7, 9, 12, 5, 94, 6, 8, 17, 5, 6, 8, 6, 5, 5, 11, 27, 5, 17, 7, 5, 21, 14, 5, 10, 10, 5, 24, 10, 5, 5, 23, 5, 6, 6, 36, 7, 12, 6, 11, 6, 9, 8, 5, 6, 5, 5, 6, 10, 14, 6, 5, 29, 7, 5, 8, 6, 5, 6, 6, 9, 19, 5, 6, 5, 7, 13, 19, 7, 7, 8, 6, 5, 7, 10, 5, 5, 5, 6, 5, 5, 8, 9, 6, 11, 29, 5, 16, 6, 5, 10, 7, 7, 5, 16, 9, 6, 43, 5, 25, 6, 7, 5, 6, 5, 16, 8, 7, 14, 10, 6, 7, 6, 9, 5, 6, 11, 7, 16, 8, 6, 7, 5, 5, 6, 14, 9, 7, 6, 9, 5, 17, 43, 6, 9, 5, 16, 6, 5, 17, 7, 16, 5, 5, 6, 11, 5, 9, 7, 5, 9, 19, 10, 13, 7, 8, 6, 6, 5, 8, 11, 5, 5, 5, 51, 7, 21, 5, 6, 5, 11, 5, 24, 6, 5, 6, 5, 21, 5, 5, 5, 9, 15, 9, 8, 5, 5, 8, 6, 17, 7, 5, 7, 8, 13, 6, 6, 6, 5, 6, 10, 7, 10, 5, 12, 6, 13, 11, 9, 7, 7, 8, 7, 5, 10, 6, 5, 17, 5, 6, 7, 8, 6, 7, 12, 7, 8, 9, 5, 10, 8, 6, 5, 6, 7, 9, 10, 10, 9, 5, 6, 11, 11, 8, 10, 7, 5, 9, 10, 57, 21, 12, 12, 12, 6, 9, 11, 38, 12, 15, 74, 12, 18, 13, 5, 7, 10, 11]
patient_011_node_2.jpg negative 1 [6]
patient_011_node_1.jpg negative 0 []
patient_053_node_1.jpg negative 18 [13, 5, 7, 13, 7, 5, 6, 7, 6, 12, 15, 11, 13, 5, 5, 6, 7, 6]
patient_038_node_1.jpg negative 4 [6, 7, 13, 6]
patient_017_node_1.jpg itc      0 []
patient_010_node_2.jpg negative 6 [5, 6, 5, 6, 5, 5]
patient_097_node_2.jpg negative 3 [6, 5, 14]
patient_062_node_3.jpg macro    8 [27, 932, 7, 8, 13, 27, 7, 1375]
patient_017_node_3.jpg macro    70 [6, 8, 5, 9, 8, 6, 5, 12, 30, 5, 13, 6, 5, 5, 6, 5, 6, 9, 5, 5, 8, 5, 23, 12, 6, 5, 5, 5, 6, 8, 11, 12, 7, 6, 6, 5, 7, 5, 8, 5, 7, 5, 18, 14, 9, 5, 10, 8, 5, 12, 8, 6, 9, 6, 13, 7, 5, 17, 10, 5, 12, 5, 16, 28, 8, 5, 9, 10, 6, 5]
patient_032_node_4.jpg negative 0 []
patient_032_node_1.jpg micro    10 [39, 14, 11, 5, 12, 5, 5, 5, 7, 32]
patient_049_node_3.jpg negative 5 [5, 7, 6, 31, 12]
patient_070_node_3.jpg macro    648 [35, 13, 5, 5, 10, 5, 5, 949, 52, 23, 5, 15, 13, 10, 7, 6, 5, 25, 10, 12, 6, 32, 5, 12, 8, 5, 15, 7, 13, 24, 8, 7, 14, 12, 6, 8, 6, 5, 8, 11, 47, 13, 8, 21, 46, 7, 5, 12, 8, 6, 5, 6, 115, 14, 5, 7, 15, 5, 6, 5, 15, 5, 23, 7, 7, 26, 10, 50, 6, 5, 12, 6, 6, 14, 9, 5, 6, 7, 14, 5, 23, 8, 18, 19, 5, 19, 7, 6, 105, 9, 7, 7, 13, 8, 63, 43, 6, 8, 11, 6, 6, 5, 6, 6, 23, 7, 7, 7, 16, 53, 7, 7, 7, 6, 7, 6, 6, 8, 6, 6, 5, 9, 7, 24, 5, 7, 6, 6, 8, 5, 6, 13, 12, 8, 15, 5, 7, 9, 36, 16, 51, 6, 12, 11, 6, 8, 5, 8, 5, 7, 8, 6, 36, 72, 5, 9, 6, 5, 10, 8, 6, 8, 9, 18, 7, 6, 7, 5, 6, 6, 5, 12, 9, 8, 17, 10, 5, 12, 65, 5, 9, 36, 7, 8, 5, 7, 5, 6, 6, 7, 6, 8, 9, 18, 6, 12, 6, 17, 61, 5, 6, 13, 8, 200, 5, 6, 28, 11, 8, 5, 5, 45, 12, 6, 9, 5, 6, 16, 7, 21, 6, 34, 6, 10, 6, 5, 8, 5, 6, 7, 8, 5, 6, 8, 6, 6, 6, 16, 7, 6, 8, 11, 5, 6, 6, 10, 6, 5, 14, 5, 15, 5, 9, 7, 12, 6, 6, 5, 26, 5, 41, 9, 8, 5, 5, 26, 16, 7, 8, 5, 10, 22, 7, 5, 9, 8, 5, 5, 5, 8, 12, 7, 6, 5, 6, 7, 7, 12, 5, 5, 9, 10, 5, 16, 7, 5, 9, 5, 6, 17, 5, 7, 11, 12, 31, 5, 7, 9, 6, 9, 6, 14, 8, 7, 20, 20, 7, 7, 9, 9, 16, 7, 5, 8, 9, 7, 11, 11, 9, 5, 10, 21, 9, 10, 6, 6, 7, 7, 62, 5, 5, 14, 36, 9, 6, 35, 15, 5, 7, 6, 9, 28, 6, 6, 6, 97, 21, 9, 6, 9, 6, 16, 5, 9, 9, 7, 7, 6, 10, 6, 11, 11, 5, 7, 8, 5, 7, 11, 10, 27, 9, 18, 18, 5, 7, 13, 5, 7, 9, 14, 5, 8, 5, 9, 6, 6, 11, 9, 6, 8, 18, 7, 28, 27, 6, 12, 7, 9, 8, 5, 8, 7, 15, 7, 8, 10, 5, 5, 16, 6, 5, 7, 5, 10, 7, 10, 6, 12, 7, 5, 6, 6, 18, 11, 40, 5, 11, 9, 16, 10, 11, 5, 8, 12, 20, 11, 5, 6, 5, 6, 5, 5, 13, 22, 10, 9, 9, 11, 20, 6, 18, 5, 10, 15, 13, 29, 7, 5, 9, 6, 11, 17, 6, 9, 6, 8, 5, 6, 20, 8, 13, 35, 6, 6, 16, 7, 11, 6, 43, 8, 8, 408, 7, 6, 5, 37, 5, 6, 27, 27, 5, 5, 16, 8, 61, 46, 7, 16, 9, 5, 5, 9, 11, 5, 18, 8, 12, 21, 6, 7, 40, 33, 9, 9, 5, 14, 6, 13, 5, 6, 7, 8, 7, 7, 16, 6, 10, 12, 5, 5, 6, 5, 14, 5, 6, 17, 5, 12, 17, 57, 16, 62, 7, 7, 15, 5, 5, 10, 5, 21, 5, 5, 9, 9, 5, 6, 11, 8, 41, 21, 45, 5, 103, 19, 49, 9, 6, 25, 24, 6, 5, 6, 6, 5, 10, 27, 7, 14, 6, 13, 37, 9, 9, 5, 5, 9, 21, 47, 8, 9, 11, 15, 5, 6, 5, 5, 16, 17, 11, 8, 5, 7, 9, 9, 5, 5, 12, 5, 13, 6, 10, 19, 5, 26, 11, 10, 37, 5, 9, 5, 5, 136, 16, 11, 8, 7, 7, 9, 7, 8, 5, 10, 5, 9, 14, 13, 6, 7]
patient_031_node_1.jpg negative 0 []
patient_018_node_0.jpg negative 0 []
patient_066_node_3.jpg macro    14 [574, 178, 7, 15, 7, 5, 50, 5, 20, 9, 283, 17, 164, 5]
patient_055_node_2.jpg negative 120 [5, 14, 6, 5, 5, 9, 5, 5, 5, 5, 11, 5, 5, 5, 6, 9, 7, 5, 11, 31, 6, 13, 14, 11, 7, 9, 6, 9, 5, 5, 9, 5, 6, 11, 5, 6, 6, 8, 5, 6, 11, 5, 6, 18, 11, 10, 5, 11, 9, 5, 5, 8, 7, 6, 12, 14, 10, 7, 5, 5, 9, 7, 11, 5, 6, 6, 5, 14, 13, 12, 6, 5, 10, 5, 5, 8, 7, 5, 5, 5, 7, 8, 8, 10, 8, 5, 7, 5, 8, 9, 6, 5, 5, 6, 6, 13, 5, 13, 5, 6, 14, 13, 6, 5, 7, 5, 7, 7, 7, 6, 7, 5, 6, 5, 5, 6, 6, 14, 7, 5]
patient_091_node_1.jpg negative 0 []
patient_090_node_1.jpg negative 0 []
patient_088_node_1.jpg micro    3 [42, 83, 5]
patient_032_node_0.jpg negative 1 [6]
patient_037_node_0.jpg negative 0 []
patient_014_node_1.jpg negative 2 [5, 5]
patient_037_node_3.jpg negative 21 [11, 5, 6, 6, 19, 5, 5, 5, 29, 5, 11, 10, 34, 6, 7, 5, 5, 8, 6, 9, 8]
patient_063_node_2.jpg macro    145 [42, 11, 14, 5, 6, 11, 15, 17, 21, 6, 5, 46, 5, 15, 17, 5, 6, 23, 15, 5, 6, 5, 5, 27, 20, 11, 8, 5, 5, 23, 5, 8, 6, 19, 5, 5, 7, 7, 5, 18, 5, 5, 25, 6, 5, 9, 5, 7, 22, 5, 8, 5, 6, 11, 7, 5, 6, 8, 31, 7, 10, 39, 13, 9, 7, 13, 5, 10, 5, 13, 5, 28, 5, 22, 18, 11, 70, 17, 8, 17, 14, 13, 20, 9, 7, 6, 10, 8, 8, 10, 9, 33, 8, 14, 9, 16, 10, 5, 10, 6, 12, 37, 25, 43, 12, 15, 6, 5, 12, 5, 5, 10, 10, 5, 11, 15, 8, 9, 7, 7, 7, 6, 9, 15, 8, 6, 6, 6, 8, 5, 11, 6, 18, 8, 5, 19, 5, 11, 5, 9, 21, 9, 9, 14, 8]
patient_086_node_4.jpg itc      1 [5]
patient_075_node_4.jpg macro    12 [285, 6, 501, 43, 41, 427, 10, 6, 12, 6, 32, 5]
patient_077_node_3.jpg negative 0 []
patient_092_node_1.jpg macro    0 []
patient_033_node_0.jpg negative 1 [7]
patient_079_node_3.jpg negative 0 []
patient_073_node_0.jpg negative 0 []
patient_059_node_4.jpg negative 0 []
patient_049_node_1.jpg micro    4 [5, 10, 8, 61]
patient_023_node_0.jpg negative 55 [5, 6, 12, 10, 9, 6, 5, 8, 5, 9, 23, 5, 7, 6, 13, 8, 8, 9, 7, 6, 5, 5, 6, 9, 13, 14, 6, 10, 6, 6, 6, 5, 5, 10, 5, 5, 6, 10, 6, 10, 11, 11, 11, 5, 7, 5, 7, 15, 13, 5, 7, 5, 6, 5, 7]
patient_058_node_1.jpg negative 26 [6, 10, 9, 10, 6, 18, 8, 9, 15, 7, 7, 8, 6, 7, 13, 6, 5, 10, 6, 5, 7, 17, 14, 5, 7, 10]
patient_082_node_3.jpg negative 14 [11, 12, 5, 12, 6, 8, 9, 22, 8, 6, 7, 5, 5, 5]
patient_069_node_4.jpg negative 0 []
patient_041_node_3.jpg negative 0 []
patient_074_node_2.jpg negative 1 [7]
patient_004_node_4.jpg itc      9 [5, 5, 6, 7, 10, 11, 6, 6, 10]
patient_033_node_1.jpg macro    40 [5, 5, 7, 13, 6, 18, 13, 19, 12, 18, 31, 12, 11, 7, 6, 7, 5, 32, 11, 7, 7, 7, 5, 6, 5, 8, 5, 5, 8, 19, 20, 8, 7, 11, 17, 15, 13, 9, 6, 7]
patient_019_node_2.jpg macro    837 [22, 12, 14, 32, 7, 18, 13, 5, 13, 5, 20, 8, 22, 9, 23, 5, 9, 6, 7, 9, 5, 9, 13, 22, 5, 10, 13, 18, 15, 14, 14, 7, 15, 11, 8, 11, 5, 7, 7, 16, 10, 6, 6, 9, 5, 7, 9, 8, 7, 5, 12, 7, 14, 5, 8, 21, 10, 5, 11, 6, 36, 13, 6, 5, 13, 9, 5, 8, 8, 15, 9, 16, 13, 17, 16, 7, 8, 17, 7, 6, 16, 12, 9, 6, 16, 6, 5, 6, 6, 9, 8, 9, 6, 6, 6, 7, 10, 8, 14, 12, 10, 9, 23, 9, 41, 10, 7, 5, 5, 20, 5, 8, 9, 8, 5, 11, 5, 5, 6, 10, 8, 14, 6, 8, 7, 5, 5, 20, 7, 6, 13, 16, 5, 5, 13, 9, 16, 12, 8, 8, 9, 44, 13, 9, 12, 5, 5, 7, 11, 7, 13, 5, 8, 9, 101, 11, 5, 8, 5, 5, 6, 6, 10, 9, 5, 23, 7, 12, 10, 8, 9, 6, 12, 8, 6, 11, 5, 16, 8, 7, 6, 10, 8, 6, 12, 5, 7, 5, 5, 13, 6, 12, 7, 6, 15, 6, 7, 8, 8, 17, 9, 6, 22, 5, 7, 10, 21, 5, 8, 7, 11, 11, 5, 6, 10, 8, 6, 8, 13, 5, 6, 13, 5, 9, 12, 12, 6, 11, 7, 8, 6, 12, 7, 13, 7, 9, 5, 8, 6, 9, 11, 7, 22, 16, 11, 10, 6, 7, 10, 8, 9, 9, 8, 8, 7, 6, 5, 9, 8, 5, 7, 8, 5, 7, 5, 7, 7, 8, 14, 6, 7, 17, 8, 9, 9, 6, 12, 9, 10, 5, 7, 7, 9, 13, 18, 5, 12, 5, 8, 5, 6, 6, 11, 6, 8, 10, 7, 9, 17, 7, 7, 6, 6, 8, 18, 6, 5, 6, 6, 14, 5, 7, 12, 10, 13, 5, 5, 16, 9, 8, 5, 8, 7, 5, 5, 6, 8, 9, 5, 6, 5, 7, 7, 10, 6, 20, 5, 22, 6, 22, 7, 12, 12, 6, 10, 7, 7, 10, 23, 6, 5, 8, 23, 8, 9, 5, 10, 19, 14, 18, 13, 6, 12, 14, 10, 11, 17, 8, 5, 6, 7, 5, 6, 11, 8, 5, 10, 7, 5, 7, 10, 7, 5, 5, 5, 13, 14, 11, 6, 5, 27, 15, 13, 9, 8, 8, 5, 5, 12, 9, 11, 14, 7, 5, 8, 5, 8, 18, 6, 8, 5, 9, 10, 9, 12, 5, 5, 5, 7, 8, 8, 15, 5, 8, 13, 6, 12, 5, 5, 7, 5, 8, 6, 11, 15, 8, 5, 10, 7, 15, 12, 5, 6, 10, 7, 16, 7, 12, 8, 14, 9, 5, 7, 10, 11, 8, 6, 20, 6, 9, 8, 6, 7, 6, 6, 5, 6, 16, 11, 11, 6, 5, 11, 5, 10, 13, 5, 6, 5, 21, 10, 6, 5, 9, 5, 9, 9, 9, 5, 11, 7, 6, 21, 6, 5, 7, 8, 5, 12, 5, 5, 7, 18, 7, 8, 5, 8, 5, 5, 7, 10, 11, 8, 8, 10, 9, 5, 6, 20, 5, 8, 6, 9, 5, 19, 9, 10, 6, 11, 8, 5, 6, 6, 8, 7, 5, 10, 7, 5, 7, 9, 6, 9, 6, 39, 19, 19, 8, 7, 5, 6, 5, 14, 10, 15, 13, 10, 6, 6, 5, 7, 16, 7, 5, 6, 5, 8, 5, 7, 10, 23, 11, 17, 7, 5, 7, 7, 7, 18, 6, 18, 5, 15, 9, 12, 6, 10, 16, 8, 9, 7, 6, 5, 15, 13, 5, 5, 7, 9, 11, 8, 9, 5, 19, 9, 17, 5, 5, 27, 7, 8, 19, 10, 16, 8, 10, 5, 9, 13, 8, 8, 9, 11, 11, 14, 6, 7, 7, 6, 6, 10, 5, 17, 14, 5, 10, 5, 9, 6, 8, 6, 16, 19, 6, 6, 28, 7, 6, 7, 7, 24, 5, 5, 10, 8, 6, 6, 7, 17, 6, 19, 7, 18, 9, 18, 9, 7, 7, 5, 8, 8, 18, 11, 5, 14, 5, 6, 38, 5, 5, 7, 5, 7, 8, 5, 5, 5, 7, 6, 8, 18, 7, 7, 9, 6, 5, 6, 12, 5, 14, 12, 6, 7, 5, 15, 7, 14, 7, 5, 16, 6, 8, 5, 6, 5, 8, 8, 5, 5, 16, 5, 10, 5, 9, 6, 8, 13, 7, 8, 5, 23, 7, 7, 7, 7, 6, 6, 6, 7, 7, 8, 5, 21, 8, 6, 10, 11, 5, 11, 6, 11, 8, 9, 10, 5, 9, 8, 7, 9, 7, 6, 9, 9, 5, 11, 6, 6, 6, 6, 7, 12, 5, 9, 7, 5, 7, 14, 8, 8, 8, 5, 8, 7, 8, 12, 5, 7, 10, 10, 8, 10, 7, 9, 10, 17, 13, 13, 11, 37, 6, 7, 6, 6, 17, 10, 8, 15, 13, 16, 7, 6, 6, 5, 5, 15, 19, 8, 6, 10, 5, 7, 12, 21, 7, 10, 7, 23, 5, 5, 5, 14, 13, 5, 8, 12, 7, 12]
patient_038_node_2.jpg micro    2 [42, 36]
patient_007_node_3.jpg negative 0 []
patient_093_node_1.jpg negative 2 [5, 13]
patient_012_node_4.jpg negative 6 [7, 7, 5, 6, 7, 5]
patient_005_node_3.jpg itc      0 []
patient_085_node_2.jpg negative 0 []
patient_065_node_0.jpg macro    5 [39, 6, 2266, 8, 17]
patient_062_node_1.jpg micro    53 [12, 15, 8, 5, 11, 7, 8, 12, 9, 16, 7, 21, 40, 41, 5, 13, 14, 8, 7, 6, 11, 5, 16, 7, 5, 68, 8, 9, 34, 5, 22, 13, 10, 8, 7, 57, 25, 6, 12, 17, 9, 14, 30, 17, 9, 5, 11, 5, 7, 12, 9, 6, 7]
patient_044_node_4.jpg macro    3 [294, 5, 8]
patient_096_node_4.jpg macro    168 [10, 5, 13, 15, 5, 6, 6, 16, 7, 5, 13, 10, 9, 9, 6, 5, 5, 8, 5, 8, 6, 9, 5, 10, 7, 9, 13, 8, 10, 8, 7, 11, 25, 11, 5, 57, 15, 5, 5, 10, 6, 15, 8, 32, 5, 6, 6, 26, 7, 17, 14, 46, 23, 54, 6, 10, 5, 28, 6, 7, 10, 74, 6, 14, 40, 17, 8, 8, 9, 6, 8, 13, 8, 9, 24, 5, 19, 14, 10, 5, 10, 7, 5, 6, 15, 5, 35, 7, 5, 5, 7, 7, 10, 8, 5, 13, 6, 7, 7, 20, 9, 278, 13, 5, 11, 11, 5, 5, 8, 7, 6, 7, 6, 7, 11, 5, 11, 60, 7, 6, 9, 11, 6, 90, 7, 6, 8, 6, 14, 22, 11, 10, 6, 8, 26, 6, 13, 17, 13, 25, 5, 9, 8, 5, 10, 6, 14, 78, 14, 5, 8, 13, 13, 12, 106, 8, 34, 6, 10, 5, 5, 6, 6, 5, 7, 19, 14, 8]
patient_061_node_3.jpg negative 10 [6, 12, 10, 6, 5, 5, 5, 10, 5, 14]
patient_044_node_0.jpg negative 29 [5, 5, 7, 5, 7, 5, 5, 8, 5, 7, 5, 17, 6, 5, 11, 9, 9, 6, 5, 6, 11, 11, 9, 16, 29, 6, 7, 5, 6]
patient_072_node_0.jpg micro    1 [18]
patient_089_node_4.jpg negative 3 [11, 7, 11]
patient_087_node_2.jpg itc      5 [13, 7, 12, 6, 8]
patient_061_node_1.jpg negative 0 []
patient_015_node_3.jpg negative 0 []
patient_059_node_2.jpg negative 5 [5, 6, 8, 5, 5]
patient_040_node_0.jpg negative 2 [9, 11]
patient_073_node_2.jpg negative 5 [13, 5, 6, 5, 6]
patient_081_node_3.jpg negative 0 []
patient_001_node_1.jpg negative 0 []
patient_008_node_3.jpg negative 3 [7, 8, 11]
patient_001_node_3.jpg negative 2 [9, 6]
patient_016_node_4.jpg negative 0 []
patient_022_node_0.jpg micro    4 [6, 7, 12, 28]
patient_064_node_0.jpg itc      0 []
patient_076_node_4.jpg micro    0 []
patient_055_node_0.jpg negative 4 [9, 5, 5, 5]
patient_046_node_0.jpg negative 37 [9, 6, 6, 6, 11, 6, 7, 6, 5, 8, 6, 8, 9, 6, 9, 6, 73, 6, 9, 9, 11, 5, 18, 14, 11, 25, 6, 8, 9, 7, 6, 5, 6, 7, 9, 7, 5]
patient_039_node_3.jpg negative 14 [5, 5, 5, 8, 6, 7, 5, 5, 6, 5, 16, 9, 8, 5]
patient_042_node_0.jpg negative 103 [7, 21, 23, 6, 25, 6, 13, 6, 12, 5, 18, 19, 7, 22, 7, 14, 16, 34, 11, 15, 5, 8, 42, 26, 9, 5, 14, 6, 5, 15, 8, 5, 10, 5, 9, 13, 5, 10, 7, 10, 5, 14, 6, 35, 10, 8, 104, 5, 6, 10, 7, 30, 20, 7, 128, 7, 11, 6, 7, 9, 11, 46, 15, 20, 7, 6, 8, 14, 6, 11, 5, 23, 5, 10, 7, 6, 7, 5, 7, 5, 15, 11, 5, 20, 9, 37, 8, 8, 6, 5, 6, 9, 5, 9, 21, 20, 44, 17, 8, 6, 6, 18, 6]
patient_018_node_4.jpg micro    2 [9, 16]
patient_023_node_2.jpg negative 3 [7, 6, 5]
patient_001_node_0.jpg negative 0 []
patient_019_node_4.jpg negative 4 [7, 6, 10, 7]
patient_048_node_1.jpg micro    7 [7, 8, 51, 13, 6, 5, 7]
patient_040_node_1.jpg negative 31 [5, 8, 14, 7, 7, 6, 18, 14, 22, 13, 5, 7, 10, 5, 21, 5, 5, 5, 11, 11, 6, 12, 8, 7, 13, 6, 11, 6, 6, 5, 29]
patient_060_node_0.jpg micro    7 [5, 49, 29, 8, 34, 9, 36]
patient_028_node_4.jpg negative 0 []
patient_029_node_3.jpg macro    12 [8, 8, 34, 10, 26, 5, 31, 8, 36, 9, 21, 6]
patient_034_node_2.jpg negative 8 [8, 8, 5, 5, 5, 7, 12, 6]
patient_098_node_1.jpg negative 11 [8, 13, 13, 5, 6, 7, 5, 5, 5, 8, 5]
patient_005_node_1.jpg negative 0 []
patient_087_node_3.jpg negative 0 []
patient_008_node_1.jpg negative 0 []
patient_091_node_4.jpg macro    2 [2514, 62]
patient_065_node_3.jpg negative 0 []
patient_074_node_4.jpg micro    4 [8, 39, 6, 45]
patient_000_node_1.jpg negative 0 []
patient_026_node_0.jpg itc      3 [12, 5, 5]
patient_016_node_0.jpg macro    59 [64, 91, 111, 5, 14, 8, 7, 128, 7, 14, 11, 6, 106, 5, 7, 8, 5, 245, 42, 8, 6, 167, 39, 192, 45, 30, 113, 194, 321, 15, 576, 128, 16, 235, 5, 7, 18, 8, 22, 8, 9, 8, 14, 45, 10, 5, 7, 6, 6, 68, 19, 6, 7, 12, 22, 23, 21, 10, 26]
patient_081_node_0.jpg negative 2 [7, 9]
patient_020_node_3.jpg negative 6 [6, 7, 5, 7, 7, 10]
patient_067_node_3.jpg itc      2 [6, 5]
patient_086_node_2.jpg negative 1 [6]
patient_095_node_0.jpg macro    75 [15, 9, 6, 5, 8, 12, 8, 11, 7, 20, 6, 12, 5, 21, 6, 5, 15, 9, 9, 54, 38, 9, 38, 10, 35, 19, 11, 7, 5, 7, 5, 5, 6, 11, 14, 6, 10, 23, 19, 8, 17, 5, 9, 7, 14, 8, 6, 9, 9, 36, 18, 25, 48, 11, 5, 7, 13, 17, 6, 10, 13, 7, 37, 17, 17, 8, 7, 7, 56, 5, 14, 20, 7, 6, 7]
patient_058_node_0.jpg negative 4 [23, 10, 10, 5]
patient_024_node_1.jpg itc      2 [5, 11]
patient_084_node_0.jpg negative 1 [6]
patient_001_node_4.jpg negative 0 []
patient_094_node_1.jpg macro    354 [5, 7, 14, 11, 7, 5, 29, 8, 16, 6, 5, 9, 16, 25, 8, 11, 12, 14, 8, 6, 12, 22, 13, 20, 5, 13, 20, 13, 23, 108, 18, 6, 6, 5, 5, 31, 8, 5, 15, 26, 5, 17, 17, 5, 5, 28, 20, 7, 5, 5, 8, 7, 6, 7, 7, 7, 11, 12, 5, 5, 5, 5, 8, 7, 6, 21, 15, 6, 7, 13, 5, 6, 7, 5, 7, 5, 5, 5, 6, 9, 11, 12, 13, 5, 9, 6, 5, 6, 7, 73, 5, 18, 5, 35, 12, 10, 5, 1165, 11, 17, 5, 5, 7, 5, 10, 10, 7, 6, 6, 5, 6, 5, 12, 9, 6, 8, 7, 5, 53, 9, 9, 6, 11, 11, 6, 15, 5, 9, 6, 18, 7, 7, 9, 5, 7, 9, 14, 23, 23, 9, 5, 7, 30, 13, 17, 5, 5, 7, 10, 12, 6, 7, 9, 17, 5, 9, 44, 6, 5, 6, 7, 13, 5, 9, 14, 6, 11, 7, 16, 10, 6, 6, 6, 11, 6, 8, 6, 8, 25, 22, 11, 9, 7, 9, 21, 7, 8, 33, 6, 5, 12, 20, 38, 44, 5, 7, 5, 5, 31, 5, 16, 10, 13, 16, 6, 5, 21, 5, 9, 6, 61, 9, 8, 10, 9, 7, 6, 9, 6, 18, 5, 9, 5, 15, 28, 76, 7, 11, 5, 6, 7, 8, 7, 5, 7, 5, 9, 8, 10, 29, 10, 10, 22, 5, 12, 7, 110, 9, 12, 6, 424, 6, 6, 62, 5, 13, 9, 6, 6, 9, 6, 5, 6, 5, 8, 9, 17, 5, 5, 7, 10, 21, 5, 16, 20, 119, 8, 5, 5, 5, 6, 14, 5, 20, 8, 9, 16, 8, 5, 6, 7, 6, 10, 5, 5, 12, 17, 14, 6, 9, 62, 25, 46, 9, 12, 8, 7, 6, 10, 6, 28, 7, 14, 64, 6, 17, 7, 7, 7, 26, 5, 12, 18, 18, 11, 19, 8, 6, 5, 8, 10, 13, 7, 5, 9, 5, 23, 23, 11, 24, 8, 12, 14, 14, 5, 10, 18, 5, 15, 5, 41, 5, 8, 6]
patient_031_node_0.jpg negative 0 []
patient_089_node_0.jpg negative 0 []
patient_082_node_4.jpg negative 7 [8, 7, 5, 6, 5, 5, 12]
patient_027_node_4.jpg micro    8 [6, 8, 6, 11, 9, 8, 33, 33]
patient_027_node_3.jpg negative 2 [5, 8]
patient_009_node_3.jpg itc      1 [6]
patient_017_node_2.jpg macro    41 [35, 5, 17, 29, 8, 9, 6, 16, 7, 21, 58, 5, 7, 5, 5, 5, 9, 5, 6, 114, 10, 12, 12, 6, 9, 5, 6, 27, 6, 6, 8, 17, 6, 6, 5, 6, 10, 43, 5, 344, 211]
patient_003_node_4.jpg negative 0 []
patient_032_node_2.jpg negative 2 [5, 5]
patient_033_node_4.jpg negative 1 [5]
patient_070_node_1.jpg negative 0 []
patient_072_node_4.jpg micro    3 [16, 21, 39]
patient_009_node_0.jpg itc      18 [6, 19, 5, 6, 5, 6, 5, 10, 25, 6, 26, 5, 7, 7, 9, 11, 5, 5]
patient_005_node_0.jpg negative 1 [6]
patient_071_node_1.jpg negative 1 [17]
patient_096_node_3.jpg macro    6 [5, 107, 15, 62, 10, 22]
patient_036_node_0.jpg negative 0 []
patient_014_node_0.jpg negative 0 []
patient_002_node_1.jpg negative 5 [5, 5, 5, 16, 10]
patient_053_node_3.jpg negative 0 []
patient_064_node_3.jpg itc      0 []
patient_025_node_4.jpg negative 2 [6, 5]
patient_000_node_2.jpg negative 0 []
patient_092_node_4.jpg macro    19 [8, 13, 6, 19, 7, 6, 13, 6, 7, 17, 5, 8, 5, 5, 10, 6, 5, 11, 5]
patient_086_node_3.jpg negative 0 []
patient_035_node_1.jpg negative 40 [6, 7, 9, 5, 5, 5, 5, 8, 6, 6, 5, 5, 5, 5, 5, 5, 7, 7, 14, 6, 5, 5, 6, 5, 6, 5, 5, 9, 9, 5, 7, 7, 5, 11, 7, 6, 5, 5, 10, 7]
patient_041_node_0.jpg itc      3 [10, 10, 8]
patient_003_node_1.jpg negative 0 []
patient_071_node_3.jpg negative 0 []
patient_029_node_2.jpg micro    0 []
patient_074_node_3.jpg negative 0 []
patient_074_node_1.jpg negative 0 []
patient_079_node_1.jpg negative 0 []
patient_082_node_0.jpg negative 0 []
patient_019_node_0.jpg macro    650 [14, 9, 5, 10, 42, 9, 8, 9, 5, 7, 6, 19, 10, 5, 5, 33, 10, 14, 12, 11, 17, 38, 5, 11, 7, 5, 8, 11, 8, 14, 15, 12, 19, 9, 5, 5, 12, 21, 13, 9, 10, 15, 7, 6, 5, 10, 5, 6, 7, 9, 9, 6, 12, 15, 11, 14, 18, 5, 27, 9, 5, 7, 11, 7, 5, 6, 17, 8, 6, 27, 15, 7, 8, 23, 13, 13, 10, 5, 8, 6, 6, 6, 12, 5, 5, 6, 11, 36, 39, 5, 6, 20, 16, 7, 6, 17, 13, 7, 16, 12, 12, 11, 6, 18, 6, 5, 6, 6, 6, 9, 11, 12, 6, 5, 6, 12, 7, 5, 5, 7, 5, 6, 8, 15, 8, 7, 6, 8, 5, 7, 5, 10, 7, 7, 5, 10, 5, 6, 14, 6, 8, 9, 12, 5, 6, 10, 9, 25, 7, 5, 8, 8, 10, 23, 14, 6, 10, 5, 13, 10, 10, 5, 57, 6, 11, 5, 7, 10, 15, 15, 5, 10, 18, 8, 6, 12, 15, 13, 21, 12, 5, 7, 9, 17, 6, 9, 19, 6, 15, 13, 13, 6, 7, 8, 5, 8, 6, 6, 9, 24, 5, 11, 17, 9, 6, 13, 7, 11, 6, 22, 8, 8, 9, 7, 5, 10, 8, 28, 14, 5, 19, 5, 7, 10, 6, 8, 5, 12, 7, 5, 13, 8, 5, 7, 23, 10, 5, 5, 8, 10, 5, 5, 6, 6, 6, 24, 6, 22, 12, 5, 10, 8, 10, 16, 49, 25, 13, 12, 5, 38, 18, 5, 47, 6, 12, 24, 19, 25, 13, 37, 5, 10, 15, 11, 8, 12, 11, 10, 19, 10, 11, 10, 5, 5, 7, 20, 28, 48, 31, 19, 30, 29, 15, 28, 10, 18, 11, 7, 7, 13, 27, 6, 7, 12, 8, 6, 14, 10, 6, 6, 12, 10, 7, 17, 11, 8, 6, 5, 14, 10, 6, 8, 22, 6, 29, 26, 8, 17, 16, 5, 26, 6, 16, 6, 6, 6, 10, 8, 13, 14, 6, 13, 10, 5, 10, 5, 5, 5, 8, 6, 12, 8, 7, 5, 76, 12, 5, 6, 11, 17, 9, 67, 7, 15, 6, 25, 18, 20, 6, 9, 7, 12, 10, 18, 14, 34, 36, 10, 6, 6, 8, 43, 8, 8, 14, 15, 65, 66, 10, 27, 5, 29, 9, 11, 21, 11, 8, 6, 43, 6, 10, 7, 8, 7, 5, 7, 5, 15, 6, 9, 8, 5, 9, 9, 7, 8, 45, 5, 12, 8, 140, 10, 11, 12, 6, 5, 16, 9, 24, 5, 6, 5, 54, 10, 5, 9, 32, 6, 18, 8, 5, 35, 7, 7, 7, 6, 5, 40, 9, 7, 13, 14, 5, 5, 11, 5, 29, 5, 10, 5, 24, 6, 17, 5, 5, 7, 8, 14, 11, 20, 12, 656, 19, 6, 15, 17, 16, 88, 7, 19, 6, 6, 7, 5, 10, 22, 51, 37, 5, 6, 5, 7, 12, 9, 5, 8, 78, 5, 6, 6, 5, 15, 11, 15, 5, 13, 12, 5, 9, 5, 11, 12, 6, 9, 6, 8, 20, 6, 10, 8, 16, 7, 7, 8, 6, 8, 6, 18, 30, 17, 10, 6, 13, 6, 11, 14, 16, 8, 15, 12, 6, 14, 16, 9, 5, 7, 8, 11, 7, 5, 14, 8, 7, 10, 6, 9, 15, 5, 12, 10, 14, 26, 38, 6, 21, 14, 11, 6, 6, 7, 8, 7, 20, 5, 39, 9, 6, 5, 5, 13, 12, 5, 6, 13, 12, 10, 17, 22, 6, 11, 15, 14, 6, 5, 9, 5, 7, 5, 6, 8, 8, 5, 11, 5, 8, 5, 8, 11, 5, 7, 13, 5, 10, 13, 9, 10, 7, 10, 8, 7, 6, 12, 8, 10, 6, 6, 8, 17, 23, 9, 15, 7, 5, 25, 21, 7, 6, 5, 9, 7, 8, 13, 5, 9, 5, 5, 5, 39, 7, 17]
patient_046_node_4.jpg micro    2 [6, 7]
patient_075_node_2.jpg negative 2 [6, 5]
patient_036_node_1.jpg negative 22 [5, 5, 6, 6, 7, 7, 8, 6, 6, 6, 5, 5, 6, 5, 7, 5, 14, 7, 5, 5, 10, 9]
patient_018_node_2.jpg micro    14 [50, 13, 10, 6, 17, 11, 8, 7, 7, 94, 10, 20, 6, 10]
patient_092_node_3.jpg macro    1 [5]
patient_083_node_2.jpg negative 0 []
patient_005_node_4.jpg itc      0 []
patient_013_node_1.jpg negative 0 []
patient_071_node_2.jpg negative 0 []
patient_099_node_3.jpg negative 9 [13, 7, 25, 18, 5, 8, 8, 10, 9]
patient_023_node_1.jpg negative 0 []
patient_087_node_1.jpg itc      0 []
patient_093_node_3.jpg negative 4 [5, 11, 7, 5]
patient_040_node_2.jpg itc      2 [18, 5]
